Mixture	Neurons	Astrocytes	Oligodendrocytes	Microglia	Endothelia	P-value	Correlation	RMSE
ERR1472952	0.442415843613017	0.00197295920067269	0.0295434207622524	0.0851782377898577	0.4408895386342	9999	0.490934843365847	0.934093564798014
ERR1472953	0.619872104829828	0.00241421229657825	0.0113514796802073	0.0358159568238164	0.33054624636957	9999	0.513530662107946	0.918270608085667
ERR1472954	0.677134939489877	0	0.0183922598562791	0.0411530657461567	0.263319734907687	9999	0.4586983622801	0.96942851356682
ERR1472955	0.625399426016178	0.00898169988765818	0.00978900315207915	0.0351020215602256	0.320727849383859	9999	0.478292152680988	0.949697730563674
ERR1472956	0.625533104480506	0	0.0173103770881519	0.0329654569124297	0.324191061518913	9999	0.461260502284606	0.965021957154876
ERR1472957	0.599682753960051	0.0214671974569386	0.0195802503864348	0.0465873220653315	0.312682476131244	9999	0.468230209889924	0.954854279450498
ERR1472958	0.616745701019237	0	0.0161453142752431	0.0624031813130093	0.30470580339251	9999	0.442335123517435	0.979381672221125
ERR1472959	0.710396232757398	0	0.00366992709332301	0.0266626940471607	0.259271146102118	9999	0.489292708769108	0.946405607800619
ERR1472960	0.681749657949015	0	0.0123356640354019	0.0241400105575904	0.281774667457993	9999	0.441488609272415	0.986069702871206
ERR1472961	0.679056553938795	0.0105784857131066	0.00875054110501019	0.0314781788474321	0.270136240395656	9999	0.500392391587522	0.932703946543128
ERR1472962	0.668653484994187	0.0104661766456609	0.0133996977247835	0.0349834729291785	0.27249716770619	9999	0.508166728128622	0.924503029697233
ERR1472963	0.713486555773207	0.00727749126005208	0.0408855651680985	0.0343108021735077	0.204039585625135	9999	0.469899511553518	0.960700372773856
ERR1472964	0.68792871600864	0.0121485438358652	0.084962039027951	0.0104139400397826	0.204546761087761	9999	0.468495578895994	0.958236744421019
ERR1472965	0.747338148585525	0	0.0757734469343687	0.040452069715185	0.136436334764922	9999	0.427720436210498	0.999819807584335
ERR1472966	0.714480455113792	0	0.0896312575088463	0.0857396256020022	0.110148661775359	9999	0.435361715318486	0.988030624045795
ERR1472967	0.599222110636537	0.00404446875549489	0.0055128346889577	0.0277423791487632	0.363478206770247	9999	0.49524284446462	0.935183281130669
ERR1472968	0.80647105141907	0	0	0.0178029514961922	0.175725997084738	9999	0.460247983999436	0.982793847937435
ERR1472969	0.535153020917595	0	0	0.0312433691626523	0.433603609919752	9999	0.553334001058802	0.881799531896912
ERR1472970	0.630742046442775	0	0.00425844830755447	0.0337806190844834	0.331218886165187	9999	0.499618639253672	0.932285516596343
ERR1472971	0.619938204402521	0.00428070148525417	0.026034879584491	0.038667089039947	0.311079125487787	9999	0.518765464316052	0.911951939263193
ERR1472972	0.807028280509527	0	0	0.0265139895839067	0.166457729906566	9999	0.488138315514073	0.957201487609607
ERR1472973	0.665171776436527	0.00916591266018251	0.00492228265127613	0.0678996082156593	0.252840420036355	9999	0.610176793754075	0.825389629306181
ERR1472974	0.778506058334184	0.000948840614795057	0.00445807101731804	0.0323269641761767	0.183760065857526	9999	0.535691898648772	0.908834628508379
ERR1472975	0.739019744935682	0.00573478582535217	0.00499407839923966	0.0213954905473714	0.228855900292355	9999	0.531795983384796	0.908973414698164
ERR1472976	0.755007855771342	0.00530001885076447	0.00290757450913233	0.0244086369399984	0.212375913928763	9999	0.494066991053842	0.945591577475954
ERR1472977	0.836807162709946	0	0	0.0167084838687254	0.146484353421328	9999	0.491885032392953	0.957928637526019
ERR1472978	0.713032253132144	0.0211325593557661	0.0126902414268639	0.0474999707093191	0.205644975375907	9999	0.496486730391452	0.936982625332033
ERR1472979	0.805120937893813	0	0.0145649686524238	0.0553514833712862	0.124962610082477	9999	0.472372163021571	0.969854384664526
ERR1472980	0.83479393935685	0	0	0.0208610165011502	0.144345044141999	9999	0.442313210513058	1.00256172915033
ERR1472981	0.476984677720468	0.0599482418183327	0.0330397663100723	0.0393034082202541	0.390723905930872	9999	0.519886741567042	0.903685649766615
ERR1472982	0.73490870358616	0	0.0105559144110102	0.0291868811272621	0.225348500875568	9999	0.488851045554228	0.948201411622703
ERR1472983	0.39976894131771	0.0160649238405198	0.0517379398737852	0.107082731145051	0.425345463822934	9999	0.544468209538913	0.881869106421467
ERR1472984	0.365222684782634	0.00620228829145652	0.0518126063043586	0.0963177576888534	0.480444662932698	9999	0.542527826962475	0.887112029773891
ERR1472985	0.451946367274193	0.014514937534261	0.0519376061503811	0.0451974139606001	0.436403675080565	9999	0.514666770848401	0.911398581262166
ERR1472986	0.583505902437709	0.000485115867269787	0.0078806517892598	0.0290575542471493	0.379070775658612	9999	0.469948956365763	0.957455765497041
ERR1472987	0.524987983353564	0.00199614934209827	0.00449869706339414	0.0319186795212968	0.436598490719647	9999	0.477878363698381	0.950459671152301
ERR1472988	0.571372046626875	0.00891907495988335	0.0108056137317195	0.0376025175174561	0.371300747164066	9999	0.456350831854607	0.967234883069218
ERR1472989	0.520373409729752	0	0.00166284926120539	0.0346085627032748	0.443355178305768	9999	0.474774191120973	0.953668828084965
ERR1472990	0.676858570071342	0	0.0137320641844279	0.0214120290897187	0.287997336654512	9999	0.570180731106252	0.86778921377869
ERR1472991	0.771785837078517	0	0.0011515628419516	0.0191564611333642	0.207906138946167	9999	0.457108805865286	0.981385593382551
ERR1472992	0.7661537580832	0	0.00210233433569142	0.0168560474399785	0.21488786014113	9999	0.472942316537686	0.966666082521083
ERR1472993	0.470201075646996	0	0.0231573035636056	0.0547839435369571	0.451857677252441	9999	0.484063777532111	0.942468520271676
ERR1472994	0.633699150811604	0.00395713163476309	0.00878638301446288	0.0237191738411903	0.32983816069798	9999	0.567569219017523	0.868492095883535
ERR1472995	0.786695809704902	0	0.0129314596781716	0.0222848946973859	0.178087835919541	9999	0.483088813614769	0.958865317570332
ERR1472996	0.727554479758891	0	0.000864165753880283	0.0255348751280095	0.246046479359219	9999	0.559302963965056	0.882129789563185
ERR1472997	0.614955738771093	0	0.0183604871468103	0.0504687982086719	0.316214975873425	9999	0.490845661937749	0.937436183819771
ERR1472998	0.61053999918571	0	0.030833708847026	0.0521096782269052	0.306516613740359	9999	0.47177691654435	0.95298905802329
ERR1472999	0.502722866659939	0	0.0210924358867481	0.0600245128418207	0.416160184611492	9999	0.523996018504202	0.905577222097115
ERR1473000	0.589776401440728	0	0.0493900505872533	0.0522893948488354	0.308544153123183	9999	0.469180247766913	0.953026440209673
ERR1473001	0.528545649821618	0	0.032100302025096	0.0625657014850507	0.376788346668236	9999	0.477455978329681	0.945799431808306
ERR1473002	0.677973912247143	0	0.0560950460704319	0.0387635265883071	0.227167515094118	9999	0.436636575845581	0.986077351403887
ERR1473003	0.728803538701804	0	0.00194128602146925	0.030392563146758	0.238862612129969	9999	0.55473121037843	0.886405498578627
ERR1473004	0.84027131496274	0	0.0016168837436917	0.0164218858650769	0.141689915428491	9999	0.485721027790716	0.964064066611276
ERR1473005	0.744658559192566	0	4.76715112995658e-05	0.0178252925451281	0.237468476751006	9999	0.52053582288553	0.92096873432272
ERR1473006	0.698268265003249	0	0.0222941284619213	0.0405307817266175	0.238906824808212	9999	0.515750169204196	0.91943269873499
ERR1473007	0.689623565924387	0	0.025250918479459	0.0533502007170559	0.231775314879098	9999	0.497400235019386	0.934893772353892
ERR1473008	0.70277685286281	0	0.0150610676558664	0.0356428376636552	0.246519241817668	9999	0.509224020788195	0.926442358772762
ERR1473009	0.736999452582469	0.0029202719854068	0.0109268620175284	0.0318583684174192	0.217295044997176	9999	0.509365273615043	0.929230814771115
ERR1473010	0.6305488701087	0.0548758837635533	0.0324188524238732	0.0270837103862413	0.255072683317632	9999	0.631728743898579	0.799285091896894
ERR1473011	0.654300317867023	0	0.00903767680185955	0.0643131611476739	0.272348844183444	9999	0.550682535217783	0.883998077914102
ERR1473012	0.791309900779936	0	0.000140710609126221	0.0184632798448136	0.190086108766124	9999	0.453857730095119	0.986599637688495
ERR1473013	0.705471074456272	0	0	0.0318041072164984	0.26272481832723	9999	0.458030022385619	0.973947428046168
ERR1473014	0.606209930942028	0	0.033178953343944	0.041869025195818	0.31874209051821	9999	0.490123633055747	0.937020158670982
ERR1473015	0.586369894589329	0	0.0209931284281521	0.0476952350674307	0.344941741915088	9999	0.433225648755957	0.986566963931699
ERR1473016	0.626393559434598	0	0.051499730880647	0.0410764991899849	0.28103021049477	9999	0.429394004499993	0.989011778487241
ERR1473017	0.735060946113179	0	0.0329255079398707	0.0286929822008038	0.203320563746147	9999	0.454932065163282	0.977139086489086
ERR1473018	0.670441284192781	0	0.0159421319463191	0.0368132061268166	0.276803377734083	9999	0.449689000444855	0.977244452143005
ERR1473019	0.671368150335712	0	0.0421727840424298	0.0293280374920159	0.257131028129843	9999	0.419967190008526	1.00106512861658
ERR1473020	0.75189722568526	0	0.00693323560840424	0.0265180157226511	0.214651522983685	9999	0.480314406177081	0.957854976545488
ERR1473021	0.804412289672821	0	0.00280104733555612	0.0235198963417304	0.169266766649893	9999	0.430027120359035	1.00888703743545
ERR1473022	0.637479491649941	0.00142234671661492	0.0182610554981272	0.0415989983248	0.301238107810517	9999	0.49021012645858	0.939241428244541
ERR1473023	0.712123472947813	0	0.0152254414726982	0.0319407234410446	0.240710362138444	9999	0.433717100271662	0.994428372669103
ERR1473024	0.647875162878749	0	0	0.0264261472759073	0.325698689845343	9999	0.492904064792973	0.939843829111107
ERR1473025	0.363116532209622	0	0	0.028970082054173	0.607913385736205	9999	0.616478324964108	0.826240533648857
ERR1473026	0.727878251289857	0	0	0.0216261339986966	0.250495614711447	9999	0.462893874774931	0.971970706729162
ERR1473027	0.749855779572794	0	0.00432929769496574	0.0286306865203037	0.217184236211937	9999	0.480274445228025	0.957771621774555
ERR1473028	0.694708279542159	0	0.0110699071712668	0.0308041733259867	0.263417639960587	9999	0.45481188836351	0.975143113736008
ERR1473029	0.649688032410513	0	0.0054507229559913	0.0286665372286913	0.316194707404804	9999	0.456707835440409	0.971388792963818
ERR1473030	0.588671830257986	0	0.0857974243900147	0.0366292149259056	0.288901530426093	9999	0.445494541927261	0.971503507768909
ERR1473031	0.722474441806881	0	0.0117786579479023	0.0334417033493921	0.232305196895825	9999	0.46407339594126	0.969037155426529
ERR1473032	0.405093194960897	0	0.0316490775469385	0.036242800410358	0.527014927081806	9999	0.491550102664589	0.939426474152729
ERR1473033	0.68216975149523	0	0.0204725280881153	0.0346113927088116	0.262746327707843	9999	0.438323344301098	0.987585816060713
ERR1473034	0.647897232266118	0	0.0192938541678014	0.0411545910670498	0.29165432249903	9999	0.477706899831369	0.950936658659779
ERR1473035	0.636071968116069	0	0.00891603066708092	0.0336929445346141	0.321319056682236	9999	0.480720436578138	0.949029715562915
ERR1473036	0.59724127222707	0	0.0261658126048198	0.0385348677610805	0.338058047407029	9999	0.446058322844284	0.976020510982815
ERR1473037	0.549481838429125	0	0.0207852570814944	0.0423455609286131	0.387387343560767	9999	0.467823955655018	0.956760893036217
ERR1473038	0.671744184867392	0	0.0184536872758749	0.0311820305243942	0.278620097332339	9999	0.447929763070059	0.978952443650966
ERR1473039	0.454093379542249	0	0.0242178232273954	0.0529484025679405	0.468740394662415	9999	0.55701540482099	0.876026420786926
ERR1473040	0.514726338314624	0	0.0170029426437281	0.064650225779276	0.403620493262372	9999	0.48984942865462	0.936385393565127
ERR1473041	0.61346790964544	0.000979525447951958	0.0192910154842961	0.0491590317670073	0.317102517655304	9999	0.425702891302899	0.993716918828461
ERR1473042	0.544045636017875	0	0.0202959071872144	0.0514874495538057	0.384171007241105	9999	0.480624783418822	0.944949852613089
ERR1473043	0.489878431964565	0	0.0357656288058167	0.0640441602504882	0.41031177897913	9999	0.488643607442091	0.935839890510205
ERR1473044	0.614035746560797	0	0.0392800021035352	0.046269199011976	0.300415052323692	9999	0.471517655503565	0.952983395435342
ERR1473045	0.683826962801207	0	0.013329955018618	0.0352370415973241	0.267606040582851	9999	0.473400082476834	0.957623056228131
ERR1473046	0.71575436043174	0	0.0156213744076718	0.0310914055686987	0.23753285959189	9999	0.459984700721864	0.971911085898469
ERR1473047	0.170677159363142	0	0	0.1119120438248	0.717410796812059	9999	0.620910838817596	0.834688440104187
ERR1473048	0.531973543970973	0	0.0550925084441853	0.0610658851104077	0.351868062474434	9999	0.430978031134044	0.983398388187214
ERR1473049	0.531713583146576	0	0.00390710087041392	0.0321836818543656	0.432195634128645	9999	0.53454572499835	0.89912447662056
ERR1473050	0.495677107598001	0	0.0543838741257552	0.0287562703825292	0.421182747893715	9999	0.508108460642159	0.91895578665292
ERR1473051	0.765231613499389	0	0.000687771317435118	0.0173261552772855	0.216754459905891	9999	0.531829485521049	0.912068532554761
ERR1473052	0.697355011680107	0	0.0205384054135989	0.0737338518907762	0.208372731015518	9999	0.475454425897962	0.954698258418285
ERR1473053	0.777800851985987	0	0.00457079770747372	0.0195986682695022	0.198029682037037	9999	0.498755842522874	0.944060398128398
ERR1473054	0.633930412133823	0.029372505064639	0.0221855621298651	0.0481664235117904	0.266345097159882	9999	0.547556805541381	0.883601482308217
ERR1473055	0.513664442116517	0	0	0	0.486335557883483	9999	0.550341250218244	0.887388954403213
ERR1473056	0.595018098694165	0.0251031200074462	0.028939665730659	0.0504576249315086	0.300481490636221	9999	0.547163067514477	0.882296846081255
ERR1473057	0.719542879497165	0	0	0.0265271391550402	0.253929981347795	9999	0.519723214743524	0.919360077409893
ERR1473058	0.820662179942093	0	0	0.0234020994434955	0.155935720614411	9999	0.446482653876186	0.996759453236864
ERR1473059	0.807471849391347	0	0.000494775260366898	0.0204629320514045	0.171570443296881	9999	0.447829938090908	0.993872412953567
ERR1473060	0.440978294388161	0.0289637168508099	0.0288288366777599	0.113514122612636	0.387715029470633	9999	0.594344484924104	0.833699820322604
ERR1473061	0.626851140394462	0.123764264658819	0.0143675797748333	0.0271306667662703	0.207886348405615	9999	0.57772490817408	0.851070214340926
ERR1473062	0.640059196894078	0	0.0145315763116305	0.0357257404576588	0.309683486336633	9999	0.545111752969332	0.889555211891164
ERR1473063	0.688102812245516	0	0.00783612290948908	0.0526344205427264	0.251426644302269	9999	0.50654121733784	0.927658542758299
ERR1473064	0.691743592602726	0	0.00855713619342299	0.0531497910398537	0.246549480163997	9999	0.499725571099082	0.934048867972487
ERR1473065	0.812257595972811	0	0.0137320261086597	0.029250766614882	0.144759611303647	9999	0.451141281586872	0.990586484227409
ERR1473066	0.741975545646894	0	0.0162813887197973	0.0321510484817056	0.209592017151603	9999	0.474554728189949	0.961258763661742
ERR1473067	0.802040385916017	0.0304779536851103	0.00227863472349441	0.0134635668761881	0.15173945879919	9999	0.544601025109521	0.901834548665416
ERR1473068	0.811214882310655	0	0	0.0217288305260058	0.167056287163339	9999	0.466010015713884	0.97806828892275
ERR1473069	0.62590429692019	0.0244932615199804	0.0255674089670014	0.0546701609098712	0.269364871682957	9999	0.495790563720884	0.930501650235116
ERR1473070	0.509599985220696	0.0421762619300049	0.0205709389125001	0.0601548404859693	0.36749797345083	9999	0.524971870801584	0.900330171475869
ERR1473071	0.76211736180513	0	0.0138416301268682	0.0380443126611797	0.185996695406823	9999	0.467535481748368	0.969515688385674
ERR1473072	0.31478246023669	0	0.0492984916203014	0.041393585154152	0.594525462988856	9999	0.524454540486565	0.913600860260848
ERR1473073	0.723008234123748	0	0.0247186831352776	0.0360091830086271	0.216263899732348	9999	0.480627459844379	0.953399713105017
ERR1473074	0.33673456411676	0	0.0626583049376875	0.111698854353892	0.488908276591661	9999	0.570628865578818	0.860816549919595
ERR1473075	0.708621802856637	0.0998686448027363	0	0.0257553691598963	0.16575418318073	9999	0.562071363340344	0.872913392355903
ERR1473076	0.774689777799856	0	0.0178135640801318	0.0321328538536936	0.175363804266319	9999	0.464227851478595	0.973873963133989
ERR1473077	0.806603495850932	0	0	0.00871171490159849	0.184684789247469	9999	0.528428362112152	0.919927201551422
ERR1473078	0.808885017521292	0	0	0.00707109907410694	0.184043883404601	9999	0.528392608501039	0.920280187729889
ERR1473079	0.620529351722449	0.0622421171866151	0.0118166033318975	0.0491027405759414	0.256309187183097	9999	0.549155790797131	0.880004295445305
ERR1473080	0.716507682396851	0	0.00146828958283568	0.0261899576614026	0.25583407035891	9999	0.523170152256793	0.915825900263453
ERR1473081	0.756043548482446	0	0	0.0265929884925165	0.217363463025038	9999	0.481966842837124	0.957209868798193
ERR1473082	0.669284421933511	0.0219702599425292	0.0264736992347488	0.0463772061791013	0.235894412710109	9999	0.486162394239493	0.94206085721777
ERR1473083	0	0	0	0.157516971609461	0.842483028390539	9999	0.655155178016709	0.821840927534141
ERR1473084	0.585581803552999	0.0248683467343737	0.0159448251294024	0.0557263399396932	0.317878684643532	9999	0.52185738476747	0.906178669629202
ERR1473085	0.798670891683647	0	0	0.0127686995370781	0.188560408779275	9999	0.417290160269356	1.01979874293824
ERR1473086	0.599671854324785	0	0.0465189062303812	0.0337500321231378	0.320059207321696	9999	0.478645736364639	0.946344050813102
ERR1473087	0.577916209423263	0	0.014938810918253	0.0325449592471356	0.374600020411348	9999	0.472983053309964	0.953782855013822
ERR1473088	0.713769754678762	0	0.0130651389148953	0.0351618222559132	0.238003284150429	9999	0.423696533764321	1.00314789454737
ERR1473089	0.647832465290014	0	0.0104702635950187	0.0545626766380237	0.287134594476944	9999	0.408422707978301	1.01043428711425
ERR1473090	0.629431467323388	0	0.0165622065691117	0.0497250238266252	0.304281302280875	9999	0.447246732517021	0.976382803906417
ERR1473091	0.659823959965291	0	0.0204766956386373	0.0760713408575057	0.243628003538566	9999	0.451191702180333	0.973063664264073
ERR1473092	0.636905348043538	0	0.0199659236016414	0.0890684686120582	0.254060259742763	9999	0.438294407372973	0.982204439051072
ERR1473093	0.536276636013791	0	0.0564969538306767	0.0598554008144477	0.347371009341085	9999	0.452783251425429	0.964983243147206
ERR1473094	0.514937476190704	0	0.0836655114073272	0.0478231631549951	0.353573849246974	9999	0.456427594345063	0.960142456543789
ERR1473095	0.617646225903646	0	0.0218774220727672	0.0614723321207892	0.299004019902797	9999	0.427600253980376	0.991441139375051
ERR1473096	0.573277966726448	0	0.0228432199132492	0.111420852676215	0.292457960684088	9999	0.457950924813422	0.961563874473534
ERR1473097	0.640218997597483	0	0.0111439914639469	0.0749618809455625	0.273675129993008	9999	0.404063713096404	1.01248069490319
ERR1473098	0.75415385469608	0	0	0.0189634700426612	0.226882675261259	9999	0.463547509895112	0.973920399162614
ERR1473099	0.766942938953468	0	0.00903463793617293	0.0264983881773519	0.197524034933007	9999	0.433734985938455	1.00055076920197
ERR1473100	0.684554493815856	0	0.0049537441866908	0.0406606322891377	0.269831129708316	9999	0.453879272953677	0.975222302616778
ERR1473101	0.0920124921796598	0.0299574276937086	0	0.0664069968542394	0.811623083272392	9999	0.612474109962336	0.856819455478151
ERR1473102	0.712782707377444	0	0.0176793589036631	0.0548539051927571	0.214684028526135	9999	0.493029809387347	0.941053211324729
ERR1473103	0.649259072414877	0.0137082500731593	0.0180573236703774	0.0420301993229571	0.276945154518629	9999	0.456211757156623	0.968597227633749
ERR1473104	0.687505755981095	0	0.0127025139939715	0.0572497649175444	0.242541965107389	9999	0.461035909845537	0.967790893964009
ERR1473105	0.659377212167122	0	0.00767342354987405	0.0257333666836985	0.307215997599305	9999	0.491528025833773	0.940976165907086
ERR1473106	0.684148297160829	0	0.018858874075543	0.0671646722084257	0.229828156555202	9999	0.456438710716935	0.970706736167874
ERR1473107	0.657669768969756	0.0223718053995981	0.0222409379181737	0.0470182989272741	0.250699188785198	9999	0.460755266189992	0.963848874273009
ERR1473108	0.727495694490899	0	0	0.032322856854654	0.240181448654447	9999	0.515313818717634	0.923820906175249
ERR1473109	0.60764282330079	0.0418806525801939	0.0191283634993611	0.0303541648368025	0.300993995782853	9999	0.535847466267731	0.893607922705561
ERR1473110	0.603828263074168	0.0623060199818392	0	0.0352084849099801	0.298657232034013	9999	0.55260133278719	0.877529883921407
ERR1473111	0.709986053130764	0	0	0.0295023184607854	0.26051162840845	9999	0.499951571473769	0.936808947068848
ERR1473112	0.651483290920159	0.0704482027114875	0	0.0235411044222249	0.254527401946128	9999	0.531425514627351	0.899379709318554
ERR1473113	0.571390746016322	0.0608301510737545	0.00138952597394844	0.0255548980262694	0.340834678909706	9999	0.54255890120611	0.886635153868437
ERR1473114	0.711651818987199	0.0541642576568696	0.00166778624568977	0.0317160527539056	0.200800084356336	9999	0.501607784130178	0.931406652170251
ERR1473115	0.460390619866982	0.0410890177120556	0.014957041363391	0.0532473094023428	0.430316011655229	9999	0.612709497599825	0.818059674546569
ERR1473116	0.680151494090913	0.0143031283047054	0.000827799174659927	0.0427046686367358	0.262012909792985	9999	0.489222783037768	0.942608800265126
ERR1473117	0.690450582810627	0	0.00461838228181882	0.0368167427254359	0.268114292182118	9999	0.48062486886499	0.952224203301831
ERR1473118	0.71168437045605	0	0.008784838399299	0.0422026483720285	0.237328142772622	9999	0.478904759156444	0.954762296042156
ERR1473119	0.749564789230079	0	0	0.0141639334004139	0.236271277369508	9999	0.476907212206818	0.961738371516268
ERR1473120	0.686135260116866	0.00611728559832489	0.00465014054159346	0.035915013805757	0.267182299937458	9999	0.452343966166	0.976367238239291
ERR1473121	0.59624760772972	0.0954636536415703	0.000959042865089248	0.0433775168285822	0.263952178935038	9999	0.563773599573576	0.864370085173972
ERR1473122	0.122368720710864	0.050842612773339	0	0.0501262881401845	0.776662378375612	9999	0.557440139452878	0.907336485252018
ERR1473123	0.125672921676273	0.0210915147012474	0	0.0532941682993146	0.799941395323165	9999	0.562464020145907	0.907087130851627
ERR1473124	0.128035836184738	0.0829799604360169	0	0.0555654989536079	0.733418704425638	9999	0.555667988297265	0.901543945376858
ERR1473125	0.162795518541321	0.0823415540009235	0	0.0300101227320862	0.724852804725669	9999	0.575963335316847	0.878501851183227
ERR1473126	0.135725146423558	0.0569513634870055	0	0.0440173962722856	0.763306093817151	9999	0.600275674026869	0.860024056880218
ERR1473127	0.0781769896845606	0.0847081490508773	0	0.0463586268314054	0.790756234433157	9999	0.605455873741857	0.859579061846925
ERR1473128	0.699299604995253	0	0.00372704420481232	0.0314694811134124	0.265503869686522	9999	0.443863674412271	0.985562652357777
ERR1473129	0.0877356980440188	0.0741023990783456	0	0.0760566614758132	0.762105241401822	9999	0.600724277872588	0.861091841373983
ERR1473130	0.090850009940101	0.0461410712365404	0	0.0522658606693946	0.810743058153964	9999	0.644817033730339	0.819457079206557
ERR1473131	0.123444361180484	0.0373815241758058	0	0.055316649377989	0.783857465265721	9999	0.627871669370833	0.834102873203696
ERR1473132	0.182346542279673	0.0632805195913604	0	0.00314943854235158	0.751223499586615	9999	0.503422016018038	0.953647097114194
ERR1473133	0.134907617762825	0.0291102978193514	0	0.0817972694579513	0.754184814959872	9999	0.535488942196511	0.927141739484663
ERR1473134	0.129554487950327	0.0747011066409737	0	0.0879682219643981	0.707776183444302	9999	0.531837457389316	0.922343660361979
ERR1473135	0.110207611954883	0.0566123510364265	0	0.0788191885743217	0.754360848434369	9999	0.637714804468714	0.819406406079009
ERR1473136	0.118740240833725	0.0525328737053876	0	0.0784149386354303	0.750311946825457	9999	0.595163747974535	0.865010848492669
ERR1473137	0.222342042767988	0.0672295617720763	0.0223537382157847	0.14242102827038	0.545653628973771	9999	0.487832459033949	0.941632103193634
ERR1473138	0.241326036132291	0.0636879976833119	0.0656615110742827	0.177159442747181	0.452165012362933	9999	0.375099615405684	1.02568725574855
ERR1473139	0.11075974360335	0.0687495038155625	0	0.0909401750706992	0.729550577510389	9999	0.590550970464365	0.867040731285885
ERR1473140	0.0273740676430107	0.0220252216819329	0	0.0815158115488737	0.869084899126183	9999	0.68695852260611	0.782052744134529
ERR1473141	0.00462757070322312	0.0156464790804698	0	0.0935699491490231	0.886156001067284	9999	0.690566544417548	0.782031007464262
ERR1473142	0.0520729578103837	0.0443576751955542	0	0.0393055873641448	0.864263779629917	9999	0.64082047437126	0.833600951618899
ERR1473143	0.0404035091156009	0.0452995379722442	0	0.040153124411381	0.874143828500774	9999	0.647266659652829	0.828234045247474
ERR1473144	0.774481887017938	0	0.00723171092306309	0.0390468766953295	0.17923952536367	9999	0.427770411967566	1.0062142503799
ERR1473145	0.0107942336244158	0.0632711156096544	0	0.0688777386799289	0.857056912086001	9999	0.631520129161669	0.845348104914341
ERR1473146	0.100754114370151	0.0710863578992218	0	0	0.828159527730628	9999	0.603964073859345	0.865634361327571
ERR1473147	0.114454093970006	0.017305751169217	0	0.041057844418588	0.827182310442188	9999	0.634298854314163	0.833942620104928
ERR1473148	0.276083862292354	0.0311672143964625	0	0.038022381280468	0.654726542030715	9999	0.682416184394052	0.755965544661879
ERR1473149	0.0986946358320033	0.0632716276063361	0	0.0513954570360207	0.78663827952564	9999	0.613930300054724	0.849708021731682
ERR1473150	0	0.0665083598199397	0	0.0619929309885543	0.871498709191506	9999	0.717734062828293	0.742367375178524
ERR1473151	0.441558483936397	0.0266756344957744	0.0034406371045981	0.0662011254927789	0.462124118970452	9999	0.52677955056462	0.903066793339616
ERR1473152	0.408626789341032	0.0145774380676933	0.00619492380777066	0.053413059840264	0.51718778894324	9999	0.521927976184069	0.911326478141284
ERR1473153	0.47135685647285	0.0102301420867475	0.00120846911914291	0.0434589434174895	0.47374558890377	9999	0.573900463374509	0.8611252880788
ERR1473154	0.352883570445621	0	0	0.0884951392366212	0.558621290317758	9999	0.523906493497695	0.913413870683441
ERR1473155	0.409122760663774	0.0183827811547652	0.00677029086746032	0.0571478163573348	0.508576350956666	9999	0.550079944841582	0.88404013211133
ERR1473156	0.546120331887288	0.0101318078097991	0.0183765320578534	0.0505717591950889	0.374799569049971	9999	0.508102269873582	0.919570324485826
ERR1473157	0.474381784907308	0.0166898725209593	0.00898810736796631	0.0507306769858937	0.449209558217873	9999	0.524484158980273	0.905735309491706
ERR1473158	0.486663754436355	0.00871225806249742	0.0203775667622493	0.0523298345064615	0.431916586232436	9999	0.493801402516954	0.932764685592852
ERR1473159	0.365418328090736	0.0461246997601783	0	0.0584032908900287	0.530053681259057	9999	0.558895690499668	0.87556374976724
ERR1473160	0.393061937526147	0.0287896966995341	0	0.0689462867650547	0.509202079009264	9999	0.503842982558027	0.926422217745979
ERR1473161	0.396139875982743	0.00805607842243064	0.00707414228269582	0.0563469786097198	0.532382924702411	9999	0.566239508781655	0.870565934220016
ERR1473162	0.623183743602175	0.0228642113895266	0.0191475424286774	0.0389165313033068	0.295887971276314	9999	0.502399922172184	0.92582875410117
ERR1473163	0.602047333050295	0	0.0135895744368006	0.0582466762322397	0.326116416280665	9999	0.552779428267393	0.880046541479904
ERR1473164	0.722907930892482	0.00429838122625789	0.0968021843026941	0.0652578889794559	0.11073361459911	9999	0.463650234532406	0.964498041327432
ERR1473165	0.699617096386068	0.00245063885892669	0.0310563491312426	0.0271607754282003	0.239715140195563	9999	0.524985100918397	0.910798841195652
ERR1473166	0.712866481232934	0.00580834463979318	0.105156624093169	0.0979104605303532	0.0782580895037501	9999	0.395021001153954	1.0209199145516
ERR1473167	0.755157615302031	0	0.0681623318249486	0.0645386556862068	0.112141397186814	9999	0.461827808392358	0.970841668278133
ERR1473168	0.69344810657656	0	0.088105407575559	0.0823751474040312	0.13607133844385	9999	0.442341823280733	0.979843406853694
ERR1473169	0.56604455915144	0.0169830385329397	0.113758001398815	0.0840898478547118	0.219124553062094	9999	0.398096207346498	1.00420981114833
ERR1473170	0.622238502973455	0.00954130461577753	0.0912591618183702	0.0589993969796252	0.217961633612772	9999	0.439859193175747	0.975808867474856
ERR1473171	0.478073903602474	0.0101198183739908	0.0113680989199139	0.0795525467772849	0.420885632326336	9999	0.572728181340606	0.858834692703518
ERR1473172	0.318956195280335	0.0129387306524242	0.0184373041603532	0.0742822062866212	0.575385563620266	9999	0.598413811991413	0.840548975219042
ERR1473173	0.350436626632166	0.022544895413484	0.0134664784201949	0.077301539412892	0.536250460121264	9999	0.60123554236484	0.83465795691669
ERR1473174	0.579603210093208	0.0120481562363845	0.0208079738399935	0.0648979113866756	0.322642748443738	9999	0.540345391442598	0.889277155647776
ERR1473175	0.638187082087281	0.00259287797620371	0.0248194275203615	0.0613971064159895	0.273003506000164	9999	0.552793590376008	0.880119792507062
ERR1473176	0.589588808211758	0.0221064533871456	0.0151074139952571	0.0462466317216578	0.326950692684181	9999	0.468878706437595	0.95434154172063
ERR1473177	0.63793998195941	0	0.0172305614376494	0.0355656402074748	0.309263816395466	9999	0.481097450183436	0.947938848514073
ERR1473178	0.475483698532917	0.0212030973471048	0.0306737824333419	0.104084245019272	0.368555176667364	9999	0.613247330489197	0.815377766870987
ERR1473179	0.718576037448074	0	0.0118213733756767	0.0311444037043026	0.238458185471947	9999	0.453952524670711	0.977713026394883
ERR1473180	0.685675849685811	0	0.00450252980834235	0.0536164270428644	0.256205193462982	9999	0.500604924971907	0.933113521934509
ERR1473181	0.652539009196103	0	0.0189681413206445	0.0559373779215622	0.27255547156169	9999	0.514370003002912	0.917473597358048
ERR1473182	0.602334375743437	0.00913847143193821	0.0190242210457523	0.0587580944244964	0.310744837354376	9999	0.532856041803409	0.897494386223474
ERR1473183	0.576691758379637	0.0194769441739159	0.014712353845507	0.0439251165528193	0.345193827048121	9999	0.502151673313447	0.925071283992486
ERR1473184	0.614080713217436	0.0175822342109679	0.0178416172141336	0.0438601675386667	0.306635267818795	9999	0.510720137695797	0.918265009111377
ERR1473185	0.504409831567207	0.0149977265019846	0.029925731038511	0.057503596370226	0.393163114522072	9999	0.567953213474215	0.862138560134146
ERR1473186	0.50750892156197	0.018367083732075	0.00857286678674582	0.0218388332456652	0.443712294673544	9999	0.574070983308556	0.859981989122838
ERR1473187	0.547137005850255	0.0301985045171158	0.0166016688554737	0.0617447751046782	0.344318045672477	9999	0.523909519965611	0.902792689391667
ERR1473188	0.707750571992282	0.0062289849458083	0.102240103605666	0.0720517885611458	0.111728550895098	9999	0.423629352111705	0.996774402487605
ERR1473189	0.602799098411186	0.0215894616627371	0.0640313545355675	0.0702184590606569	0.241361626329852	9999	0.425147495265923	0.987017143178761
ERR1473190	0.735470770784586	0	0.00992607319098092	0.035134898939923	0.21946825708451	9999	0.479582397797437	0.956412846454878
ERR1473191	0.712055097954983	0	0.0194940650139974	0.0381715672584133	0.230279269772606	9999	0.511825344926307	0.92434778657703
ERR1473192	0.623236736887714	0.00786122653813592	0.0110379866997858	0.0536263074908602	0.304237742383504	9999	0.537199687763187	0.895095169179878
ERR1473193	0.655295127028099	0	0.00364814890253541	0.0582206420895178	0.282836081979848	9999	0.518189504615705	0.915138903754654
ERR1473194	0.680140509319697	0	0.0193145572974262	0.0568633021682962	0.24368163121458	9999	0.505752398289996	0.926898810434486
ERR1473195	0.637913402449552	0.0195762451814529	0.0247314183673675	0.0442407834065418	0.273538150595086	9999	0.528909089357631	0.901898846369906
ERR1473196	0.584727128757033	0.0240848331267948	0.0163538354547485	0.0364373704782224	0.338396832183201	9999	0.503866544982212	0.923547194822362
ERR1473197	0.609040960230892	0.0118081904342089	0.0185227585428082	0.0424015498448059	0.318226540947285	9999	0.484815176699797	0.941871276033164
ERR1473198	0.561563569502955	0.0308011163287774	0.0317672548745306	0.0492185913707684	0.326649467922968	9999	0.480223796535596	0.941306794564831
ERR1473199	0.771500447011416	0	0	0.028849176139203	0.199650376849381	9999	0.462145025784034	0.976532944376171
ERR1473200	0.647343483349478	0.0333999698407274	0.0235778682561135	0.064058210216477	0.231620468337205	9999	0.498066767979291	0.928700365412688
ERR1473201	0.588813938330421	0.0235579110806647	0.00991633321322331	0.0492110239524832	0.328500793423208	9999	0.4992446561636	0.927678860128867
ERR1473202	0.649281121821948	0.0347330109839966	0.0179934796069358	0.0514335683224835	0.246558819264636	9999	0.496563779247377	0.93092491427406
ERR1473203	0.7997542965547	0	0.0140683153229187	0.0358538924399782	0.150323495682403	9999	0.458711587398314	0.981948250914079
ERR1473204	0.699592757491226	0	0.0193500229860078	0.0363752715427617	0.244681947980004	9999	0.507314348546204	0.927654676401172
ERR1473205	0.592706896599303	0.0173035808358948	0.0312760849465167	0.0342988211363668	0.324414616481919	9999	0.513762155899408	0.914307663437688
ERR1473206	0.662020211410751	0.00443665140845505	0.00956483777075659	0.0475038682476579	0.27647443116238	9999	0.518062997797773	0.915256392013434
ERR1473207	0.582920133946065	0	0.0361762396879071	0.0719865322583772	0.308917094107651	9999	0.572503709385535	0.858498246854308
ERR1473208	0.554760957409016	0.00113108076873849	0.0181467350936397	0.0478903798841871	0.378070846844418	9999	0.56388707404024	0.868792880309859
ERR1473209	0.673384711800918	0	0.00846420973764025	0.105073153265363	0.213077925196079	9999	0.49688895608614	0.93356239515198
ERR1473210	0.735013708959753	0	0.0109401439083767	0.043955450723655	0.210090696408215	9999	0.50401920904714	0.933738690357254
ERR1473211	0.623388749109555	0.0288404156915681	0.0231152021406466	0.0597276449926304	0.2649279880656	9999	0.526695401516839	0.902033861687484
ERR1473212	0.437758753317094	0.0234199311230359	0.0363186557301692	0.0758205118828869	0.426682147946814	9999	0.485477135440078	0.936279625571411
ERR1473213	0.739213428853276	0	0	0.0212059843655162	0.239580586781208	9999	0.442685367691594	0.990770209760382
ERR1473214	0.582472134878224	0.0147694728019958	0.0317386267271724	0.0672446875426773	0.303775078049931	9999	0.506458199847674	0.919123973743525
ERR1473215	0.741546796481985	0	0.0166734248438235	0.0490026098868491	0.192777168787342	9999	0.468518727941437	0.965940436590739
ERR1473216	0.561928339413142	0.0407801834292023	0.0175501486243172	0.0477752065224177	0.331966122010921	9999	0.52052700339037	0.9058091970654
ERR1473217	0.621233113675591	0.0196356519792215	0.00828859783378669	0.0576374088106014	0.293205227700799	9999	0.505251520307566	0.923381146481841
ERR1473218	0.608481992269134	0.00739617788345519	0.0205415206029301	0.0370491171746352	0.326531192069845	9999	0.549657086413018	0.883038618337524
ERR1473219	0.799296560671375	0	0.0130203501648074	0.0296408097729679	0.15804227939085	9999	0.463974243083871	0.97742587901166
ERR1473220	0.735121687036658	0	0.0181085509163132	0.0402542904686668	0.206515471578362	9999	0.491195627299302	0.945181553504552
ERR1473221	0.722915597265304	0	0.0125639763204214	0.0380216300822722	0.226498796332003	9999	0.500878114194779	0.935714942667539
ERR1473222	0.664919148687396	0	0.0113092219572924	0.0358434432798831	0.287928186075428	9999	0.48459456955795	0.946633042095638
ERR1473223	0.599970264673105	0.0012237788241924	0.0169801378805712	0.0409703979414871	0.340855420680645	9999	0.524373826928153	0.907089509421966
ERR1473224	0.602360602691404	0.0181159132380076	0.0213322756745945	0.0517607622911518	0.306430446104842	9999	0.488904791857638	0.936681943273213
ERR1473225	0.562314940526282	0.0173262735194574	0.0201397682501311	0.0207918266146548	0.379427191089474	9999	0.543078433503497	0.888453830378348
ERR1473226	0.588338424884023	0.0445241173918108	0.0482954047670589	0.0370980294482091	0.281744023508898	9999	0.465110621986361	0.953347450089685
ERR1473227	0.744922814601038	0	0.0074391730784248	0.0322677551051265	0.215370257215411	9999	0.463350949321607	0.972088839007519
ERR1473228	0.60362022678387	0.0242902040989465	0.0173873310945754	0.0589129423273235	0.295789295695285	9999	0.531828521376559	0.897330280943608
ERR1473229	0.607817730284243	0.0298766307315307	0.0166700140683392	0.0465127459554655	0.299122878960422	9999	0.523621809576019	0.905203565962496
ERR1473230	0.55347538533565	0.00467585603540227	0.0173353626215465	0.060043962159516	0.364469433847885	9999	0.547382534712207	0.883529314224558
ERR1473231	0.649135435422799	0.0223577103007914	0.022041671160553	0.0578307515570953	0.248634431558762	9999	0.484679511815327	0.941888414004364
ERR1473232	0.577798532091843	0.0152543228614672	0.0147775453330692	0.0585351350788751	0.333634464634745	9999	0.530508331022532	0.898870638916246
ERR1473233	0.593099764704605	0.0175626862986673	0.0144448335278485	0.0586063157212877	0.316286399747592	9999	0.529052698575255	0.900381721638479
ERR1473234	0.670262613110487	0	0	0.0223183468818263	0.307419040007687	9999	0.493932702823675	0.940207410943124
ERR1473235	0.54929438134199	0.0373619140765386	0.0305456205939086	0.0649489232705547	0.317849160717008	9999	0.578073359227438	0.850346644096806
ERR1473236	0.782575789943982	0	0.00586965890979642	0.0239627302937062	0.187591820852515	9999	0.444564147137843	0.9932042870338
ERR1473237	0.584033224736875	0.00938728320005186	0.0128679872635132	0.0372094223611299	0.35650208243843	9999	0.524308639934909	0.906596403929728
ERR1473238	0.614960147821553	0.0075788468043057	0.00191260914730016	0.0663222307512222	0.309226165475619	9999	0.517271969380469	0.91340223322593
ERR1473239	0.516268338004862	0	0.00360282196055921	0.00287294247264234	0.477255897561937	9999	0.544488077558572	0.892267736205669
ERR1473240	0.604991041137539	0.00618158289457779	0.0279421372206443	0.0769101106676499	0.283975128079589	9999	0.516071343788967	0.91177043505729
ERR1473241	0.658033830065994	0.0161199028410176	0.0484813435008996	0.056690464986984	0.220674458605104	9999	0.451779293297909	0.969994506832287
ERR1473242	0.659564274576337	0	0.0157642499565962	0.0370272067526857	0.287644268714381	9999	0.526266915043187	0.907949440891081
ERR1473243	0.698316970509809	0	0.0146884423368779	0.0692569821043368	0.217737605048976	9999	0.514699481094579	0.919809936325809
ERR1473244	0.6595512346719	0	0.0112281338315427	0.0352664795458229	0.293954151950734	9999	0.521505560568784	0.912795159667493
ERR1473245	0.608246775787447	0.0110962103646795	0.0263284789604189	0.0535335253600045	0.30079500952745	9999	0.524045984877571	0.905335994177924
ERR1473246	0.675808459062491	0.0096295699184823	0.0227467357769587	0.0590664359290661	0.232748799313002	9999	0.524755653522272	0.908116887074015
ERR1473247	0.571785019064736	0.00960506386473249	0.0143035865429457	0.0522775066212381	0.352028823906348	9999	0.511506427787677	0.917073845166383
ERR1473248	0.590574290286152	0.0147044111333742	0.00236933590277072	0.072170755596327	0.320181207081376	9999	0.542181430922116	0.888704582285121
ERR1473249	0.58240262399788	0.0156934721298798	0.0186015866910387	0.0653118662576946	0.317990450923506	9999	0.525107692286255	0.903249180882789
ERR1473250	0.608513441171694	0.00962336444132961	0.0267441617846661	0.0712832308407921	0.283835801761518	9999	0.532836235495966	0.896556611499444
ERR1473251	0.719350587359267	0	0.0174462811146792	0.0282127431203527	0.234990388405701	9999	0.494484377580193	0.941361335096027
ERR1473252	0.487285046904977	0.0170993984847234	0.014840812511002	0.0726017437943686	0.408172998304929	9999	0.562184976725653	0.868142183050978
ERR1473253	0.533587223005131	0.0160589812233573	0.00528829115583852	0.0626842723136513	0.382381232302022	9999	0.553677291558251	0.877361123132535
ERR1473254	0.700003724892423	0.00158244657351043	0.0764368215597222	0.0538477925614566	0.168129214412888	9999	0.493965760383179	0.936209899479533
ERR1473255	0.651985948002533	0.0118742894992706	0.072195357907441	0.0595495512450033	0.204394853345753	9999	0.430957412885369	0.986151427529705
ERR1473256	0.652152474123322	0	0.0162903495164274	0.041822472515828	0.289734703844422	9999	0.53145696355095	0.902487161083818
ERR1473257	0.748129947631841	0	0.00583838205663448	0.0420886325266844	0.20394303778484	9999	0.49451595278993	0.944036722381176
ERR1473258	0.653867976440263	0	0.018109546164213	0.0444154294172631	0.283607047978261	9999	0.503490264275719	0.928057908135414
ERR1473259	0.663500081863691	0	0.0207403445504869	0.0657457237102117	0.25001384987561	9999	0.501764727962883	0.92902711270137
ERR1473260	0.680609427972335	0	0.0197218109529489	0.0488883465885443	0.250780414486172	9999	0.492944726616022	0.938838716001161
ERR1473261	0.659204166833019	0.00834860310634143	0.0198249471608829	0.06155648939733	0.251065793502427	9999	0.513680148411886	0.91748644709116
ERR1473262	0.66369987177468	0.0164037844966541	0.00916984605825145	0.0508219317394494	0.259904565930965	9999	0.539952531733078	0.893895988475994
ERR1473263	0.730238075835797	0.00729689932313338	0.00255727447512403	0.0210848750044989	0.238822875361447	9999	0.484401180498795	0.952151532704061
ERR1473264	0.521943613320376	0.0161136293946498	0.00981254098805385	0.0606699118845254	0.391460304412395	9999	0.515411092812815	0.912545520895747
ERR1473265	0.749288997400572	0	0.0061423085724341	0.0527689199378386	0.191799774089155	9999	0.4861182333255	0.951398827170843
ERR1473266	0.743650432788918	0	0.00333153314673233	0.0561420267940647	0.196876007270285	9999	0.487240032096768	0.949886620709911
ERR1473267	0.522045041851433	0.0213102674654451	0.0137441367551394	0.0694240157827014	0.373476538145281	9999	0.54102737763056	0.887598987693125
ERR1473268	0.622069074323889	0.00982927169604266	0.0155237881426831	0.0668393371936631	0.285738528643723	9999	0.520695613178375	0.90922539646179
ERR1473269	0.569306240357363	0.00769288714152254	0.0126130751037262	0.0531820747599322	0.357205722637456	9999	0.52975265748868	0.900619668594959
ERR1473270	0.511227480643832	0.053354971142021	0.00844397354747658	0.0707361740041067	0.356237400662564	9999	0.53219238876121	0.893261248615479
ERR1473271	0.771190720989518	0	0.00573330160922397	0.0267776006769207	0.196298376724338	9999	0.455052904849536	0.982527908647509
ERR1473272	0.753689427601784	0	0.0097611822674462	0.0304136680016183	0.206135722129152	9999	0.456534884728558	0.978934049626353
ERR1473273	0.778845708079506	0	0.0140632734535427	0.0269174243723368	0.180173594094615	9999	0.504394884547163	0.938157379218841
ERR1473274	0.716275157242949	0	0.00791871702347884	0.0411628043851704	0.234643321348401	9999	0.5080734578845	0.928747040720538
ERR1473275	0.653526004507041	0	0.00474690382757406	0.0270296016230569	0.314697490042328	9999	0.453430159094867	0.974595731621312
ERR1473276	0.639589120793158	0	0.0139058214052903	0.0319676544469582	0.314537403354593	9999	0.473156871989083	0.955535698651834
ERR1473277	0.625046216885838	0	0.00658136657541222	0.0294815233487531	0.338890893189996	9999	0.458303331883252	0.968821385643151
ERR1473278	0.627389267277065	0	0.0115365183572256	0.0295099275881272	0.331564286777582	9999	0.458894611629807	0.967910024493508
ERR1473279	0.656273707297449	0	0.00672777841693819	0.0322294683394758	0.304769045946137	9999	0.464488095565298	0.964575840954294
ERR1473280	0.695123651111259	0	0.0058307707652701	0.0278861825200907	0.27115939560338	9999	0.405197106134871	1.01822169822603
ERR1473281	0.6359746088539	0	0.00207336413014764	0.0307665670625825	0.33118545995337	9999	0.454099976598502	0.973249610553045
ERR1473282	0.57656962225642	0.0084696952893553	0.00668714070085541	0.0374729572991386	0.37080058445423	9999	0.472136748515822	0.954056195862622
ERR1473283	0.572733836407148	0.0107811978579076	0.00363504485558056	0.0375658204035094	0.375284100475854	9999	0.450434226233945	0.97291618040386
ERR1473284	0.633474648705034	0	0.00247577571165856	0.034573569956457	0.32947600562685	9999	0.473280444451079	0.956063976622354
ERR1473285	0.718535582641584	0	0.00130495671146571	0.0339070803291053	0.246252380317844	9999	0.419069428557159	1.00848515774063
ERR1473286	0.705609565660155	0	0.00684334407367175	0.0302489941869199	0.257298096079254	9999	0.454430894069549	0.976652906817249
ERR1473287	0.704676458826325	0	0.0061337799034198	0.0294086687824955	0.25978109248776	9999	0.457979545584442	0.97356850055863
ERR1473288	0.627241167323053	0	0	0.00703206790113409	0.365726764775813	9999	0.478392715203993	0.953406704127686
ERR1473289	0.628079225754068	0	0.0145145899804685	0.027911551449565	0.329494632815898	9999	0.462726472052191	0.964415829439742
ERR1473290	0.541321647920068	0.0179772399290952	0.0152469293950064	0.0302304661400415	0.395223716615789	9999	0.485608611325077	0.940484249336056
ERR1473291	0.723564645572064	0.00169713434291854	0.012489675135797	0.0268974284335001	0.235351116515721	9999	0.421809725969834	1.00594196755715
ERR1473292	0.728007318455049	0.000308920103705072	0.00547261942505998	0.0252557668206487	0.240955375195537	9999	0.421218648380542	1.00759661379264
ERR1473293	0.608606612246992	0	0.0209382025893641	0.0360056287031802	0.334449556460464	9999	0.476275853937114	0.950759897601089
ERR1473294	0.613653177528066	0	0.0180115907777256	0.0329509201165066	0.335384311577702	9999	0.516602639101451	0.915094180713614
ERR1473295	0.707732406919066	0	0.00395012424535842	0.0454678551941174	0.242849613641458	9999	0.424071978329974	1.00250864895208
ERR1473296	0.626579182757856	0.0124858107961059	0.00985491195659705	0.0366790435716368	0.314401050917804	9999	0.51094188798762	0.919999531711416
ERR1473297	0.652603201968517	0	0.00815165430410269	0.0570825541088961	0.282162589618484	9999	0.432226690396246	0.990741874783036
ERR1473298	0.705171215969066	0	0.0637752233760001	0.0288561377052689	0.202197422949665	9999	0.480705500879986	0.949978843110837
ERR1473299	0.826322645335086	0	0.0763493037197606	0.0225808123200828	0.0747472386250705	9999	0.423794572686888	1.01513602653398
ERR1473300	0.79215875884147	0	0.0312154898204793	0.0216389705079603	0.15498678083009	9999	0.450615795112785	0.987827337858267
ERR1473301	0.78719655378707	0	0.0296532647076211	0.0222141738922284	0.16093600761308	9999	0.451382853874863	0.986563985356917
ERR1473302	0.669206952341843	0	0	0.0250409644960315	0.305752083162125	9999	0.446350100661522	0.982135896195443
ERR1473303	0.586583624602211	0	0.0073224468136042	0.0319461300498834	0.374147798534301	9999	0.487986277212777	0.941439827574242
ERR1473304	0.567973751214814	0	0	0.0217738348458533	0.410252413939333	9999	0.524513722822433	0.909485298089441
ERR1473305	0.644013810269851	0	0	0.0404314625010838	0.315554727229066	9999	0.59162373405755	0.845278941475223
ERR1473306	0.634081389678405	0	0	0.0377303241040315	0.328188286217564	9999	0.588467989227177	0.848236881970604
ERR1473307	0.822999759684965	0	0.00273409738331327	0.0235884091723397	0.150677733759382	9999	0.490366455926247	0.957137988179341
ERR1473308	0.737624796188637	0.0016372775120772	0.000400539373554134	0.0196826928845254	0.240654694041206	9999	0.466244301780659	0.96976914153084
ERR1473309	0.739297940926815	0	0.000843613401410359	0.0211118164731047	0.23874662919867	9999	0.47525371392819	0.961896509479426
ERR1473310	0.720614224387394	0.0243164144391932	0.00138740465721702	0.0251412047817115	0.228540751734485	9999	0.507461013040739	0.928954627528158
ERR1473311	0.671031506827195	0.0817962770286599	0	0.0341309042264076	0.213041311917737	9999	0.507297112949577	0.921628592751115
ERR1473312	0.625603011728988	0.0675048306694793	0	0.051023070563266	0.255869087038266	9999	0.520910854015476	0.906726024996571
ERR1473313	0.813093067437236	0	0	0.0193191636468196	0.167587768915944	9999	0.430005941726979	1.0103939582878
ERR1473314	0.824732711237576	0	0	0.00903252917058129	0.166234759591843	9999	0.453399744933636	0.991675534918312
ERR1473315	0.695769621173032	0	0.00682002134974216	0.0207475002929295	0.276662857184296	9999	0.427750770497614	0.999512766460227
ERR1473316	0.728987360188143	0	0	0.0141668735264208	0.256845766285436	9999	0.383706161481083	1.0403479768669
ERR1473317	0.773344291803089	0	0	0.0212358712791799	0.205419836917731	9999	0.397783391979658	1.03291882141506
ERR1473318	0.690440607256019	0	0	0.0376013103351249	0.271958082408856	9999	0.489224549291733	0.944820945787368
ERR1473319	0.653055595086656	0	0	0.0313663250999082	0.315578079813435	9999	0.485750881224775	0.946211255170101
ERR1473320	0.794028318797792	0	0	0.0136674673008184	0.19230421390139	9999	0.471428431162827	0.971370624550953
ERR1473321	0.69030698540624	0.017373125869411	0.017802019943906	0.0505148843860447	0.224002984394399	9999	0.498787569791935	0.932941976437264
ERR1473322	0.7353679096805	0	0	0.0197794663165212	0.244852624002979	9999	0.387708712186871	1.03730936626014
ERR1473323	0.797383714867232	0	0	0.0213375911522149	0.181278693980553	9999	0.425008056703126	1.01258805945816
ERR1473324	0.812848267497357	0	0	0.0129148807922101	0.174236851710433	9999	0.423479102901707	1.01630880570667
ERR1473325	0.830329337268014	0	0.00223925107582613	0.0188875095128893	0.148543902143271	9999	0.527398176386502	0.923298288075381
ERR1473326	0.619013261873507	0	0.00216694034909078	0.0241296069625167	0.354690190814885	9999	0.52835964438453	0.906280383703212
ERR1473327	0.412310819887485	0	0	0.0459060954547141	0.541783084657801	9999	0.58221971247855	0.856644913781425
ERR1473328	0.419523587749537	0.00393590223121421	0.000307358125043971	0.0528941383951331	0.523339013499072	9999	0.582822749731542	0.854598452404073
ERR1473329	0.691219204725591	0	0.00770159931904619	0.0297598718795624	0.271319324075801	9999	0.493416609410264	0.940877379452696
ERR1473330	0.3077998492571	0	6.1500460989251e-05	0.0989833595705514	0.593155290711359	9999	0.592261323566131	0.849917119615931
ERR1473331	0.239008258282969	0	0	0.133277474959105	0.627714266757926	9999	0.581768122345401	0.864843690359036
ERR1473332	0.123028519453886	0	0	0.137428116937945	0.739543363608169	9999	0.510749763206036	0.952813149629345
ERR1473333	0.138221813284951	0	0	0.133945776144076	0.727832410570973	9999	0.483774684920283	0.975920071810283
ERR1473334	0.0954629229377341	0	0	0.173564337472265	0.730972739590001	9999	0.494851714085306	0.969430388139669
ERR1473335	0.404620434208669	0	0	0.0419004450608802	0.553479120730451	9999	0.62213198106298	0.816662833398443
ERR1473336	0.61205284457779	0.010407738079533	0.0504943203358169	0.0319971093196845	0.295047987687175	9999	0.450125707502321	0.970300471053273
ERR1473337	0.701486429367361	0	0.0453215268770226	0.0385508519833705	0.214641191772246	9999	0.480758791300857	0.950162762514256
ERR1473338	0.673544812540321	0.0051436574112891	0.0250810160625394	0.037283483724604	0.258947030261247	9999	0.517846087265287	0.915431212362172
ERR1473339	0.642687563480296	0.00265953137858266	0.0242620488330135	0.0376335706165047	0.292757285691604	9999	0.521349528722072	0.910824799053182
ERR1473340	0.766527724972663	0	0.00689928458531584	0.0247460912917054	0.201826899150316	9999	0.495512950339775	0.945538651432627
ERR1473341	0.746601743379074	0	0	0.0307305331085132	0.222667723512413	9999	0.543461798488586	0.89879585063785
ERR1473342	0.539773952930996	0	0.00568272407638095	0.074422915369204	0.380120407623419	9999	0.567779901089322	0.864788724103544
ERR1473343	0.752382332417784	0	0	0.0215040508265597	0.226113616755656	9999	0.410384842975301	1.019875314054
ERR1473344	0.701381062160802	0.00676696820056883	0.0185674939370763	0.0298589441565088	0.243425531545044	9999	0.490019171104168	0.943311712388211
ERR1473345	0.774890902124872	0	0.00588071255009441	0.0249241018271931	0.194304283497841	9999	0.453557745695338	0.984334782843722
ERR1473346	0.579085300417189	0.0394961212775663	0.0167553219921954	0.0482142349451407	0.316449021367908	9999	0.518881898217591	0.907808497078643
ERR1473347	0.425332308013713	0.0121519729893511	0.0178743977251723	0.0641216953134678	0.480519625958296	9999	0.522166724690359	0.908224026988373
ERR1473348	0.739011055611478	0	0.100068897983714	0.0823343619275161	0.0785856844772924	9999	0.413878352134588	1.00922747421647
ERR1473349	0.80278390898087	0	0.0225179516541988	0.0250373295694377	0.149660809795493	9999	0.431618249183897	1.00620611190789
ERR1473350	0.645505139509424	0.00342610637022337	0.0190669587497655	0.0564298832298694	0.275571912140718	9999	0.526762792195866	0.905392197778885
ERR1473351	0.542681573552379	0.0168597391601521	0.0204458241053547	0.0968481677329353	0.323164695449179	9999	0.537556102737094	0.889430976274568
ERR1473352	0.62910868354413	0	0.01872782395538	0.0405465691470104	0.311616923353479	9999	0.466073856964059	0.960384616123838
ERR1473353	0.651892449102175	0	0.0070009321219042	0.0349056444216663	0.306200974354254	9999	0.480368576422251	0.950141917421478
ERR1473354	0.756166584675538	0	0.00654078149128506	0.0206768999913407	0.216615733841836	9999	0.478507537726983	0.960182913041489
ERR1473355	0.770648522461989	0.0178715654042189	0	0.0153440388649011	0.196135873268891	9999	0.52547801507597	0.917558551134889
ERR1473356	0.72112542470985	0.00871776307896519	0.00911881000694773	0.0367160027006789	0.224321999503558	9999	0.482797216365891	0.951565170639261
ERR1473357	0.614247364433319	0	0.0357098402667651	0.0395017685354732	0.310541026764442	9999	0.473835058403953	0.951621350758847
ERR1473358	0.310074820620235	0	0.0237078024944196	0.0838978055602864	0.582319571325059	9999	0.575335519744313	0.864721792651124
ERR1473359	0.822262241631759	0	0.0193883876666646	0.0184051905303831	0.139944180171194	9999	0.501147801081452	0.946445125699584
ERR1473360	0.668519394821021	0	0	0.0319274682765567	0.299553136902423	9999	0.513673363243275	0.921542045429466
ERR1473361	0.766088017421884	0	0.00983856666792009	0.0186671746126353	0.20540624129756	9999	0.564134407208047	0.880228334172441
ERR1473362	0.660749849373176	0.0441896173233314	0.00759319258173785	0.0421785214605674	0.245288819261188	9999	0.549621577886073	0.883164212511722
ERR1473363	0.684856234463564	0.0305288963118994	0.0125879732078559	0.0371523533500402	0.23487454266664	9999	0.546278040818086	0.888517816893269
ERR1473364	0.795835393516165	0	0	0.0240638636767809	0.180100742807054	9999	0.416157326869821	1.01992811332286
ERR1473365	0.549696336437134	0	0.0298335216649762	0.0607244510374592	0.35974569086043	9999	0.405070571156817	1.00762146222965
ERR1473366	0.62776848032606	0	0.0105780251354816	0.0420251886876674	0.319628305850791	9999	0.426820044070844	0.994743250356098
ERR1473367	0.653693802812574	4.75789780585184e-05	0.0140713415362846	0.0467248587245714	0.285462417948511	9999	0.474952935060018	0.953800151018369
ERR1473368	0.61870068574116	0	0.0486822188936634	0.0298875684100944	0.302729526955083	9999	0.473333559897476	0.951762950870292
ERR1473369	0.447701305580915	0	0.0545745715119287	0.0935579257550315	0.404166197152125	9999	0.466552745700542	0.952140786974116
ERR1473370	0.426537471728492	0	0.0453526290653741	0.051536602235053	0.476573296971081	9999	0.518931229889411	0.910459949164431
ERR1473371	0.449902631568826	0	0.0576802786147316	0.0512348011185938	0.441182288697848	9999	0.498531687700767	0.92666241221235
ERR1473372	0.434227124125712	0	0.0848153649130883	0.0733651997475232	0.407592311213676	9999	0.489894813535285	0.930578385614654
ERR1473373	0.148678370854972	0	0.0282222707549327	0.0950072414972563	0.728092116892839	9999	0.509573892173053	0.948398509226394
ERR1473374	0.156110893874437	0	0.0115828178984065	0.113869014494404	0.718437273732752	9999	0.516194947965549	0.941722665092095
ERR1473375	0.719473708244741	0	0.00497483088809042	0.0160582708837891	0.25949318998338	9999	0.533479340729253	0.906548612679393
ERR1473376	0.707651605977615	0.00350809084046423	0.0129766882601199	0.0382186913035951	0.237644923618206	9999	0.45188272945458	0.977884555313757
ERR1473377	0.814826792332416	0	0	0.0177403192750477	0.167432888392537	9999	0.464018523539886	0.980479207885098
ERR1473378	0.824419867580471	0	0	0.00946741713883646	0.166112715280692	9999	0.466251580334111	0.980039164874186
ERR1473379	0.763358059513535	0.0130500721439254	0.00380807332641787	0.0157733762892041	0.204010418726917	9999	0.521990442549731	0.92021665760637
ERR1473380	0.569692656303214	0.0112004244231044	0.00926894278258096	0.0597245946628054	0.350113381828295	9999	0.566823995170031	0.865302059936715
ERR1473381	0.80594901370375	0	0	0.0150619893805177	0.178988996915732	9999	0.451129505678069	0.990983692455155
ERR1473382	0.417190023543767	0.124259102856485	0.118827952908665	0.0336982526214469	0.306024668069636	9999	0.636679112859139	0.784867570921122
ERR1473383	0.700300747308973	0.0357972589617639	0.0165168165122386	0.0419406211933907	0.205444556023634	9999	0.494862766248685	0.936411676192742
ERR1473384	0.766027576872363	0.0676339077610532	0.000666663488741544	0.0168642094274556	0.148807642450387	9999	0.500840630480092	0.937412447483049
ERR1473385	0.579691057104322	0.0303424153893573	0.0225277886285142	0.049714431974706	0.3177243069031	9999	0.529140336543154	0.898683205407345
ERR1473386	0.710544258368887	0	0.00250084667449409	0.028117847446728	0.258837047509891	9999	0.460507787813827	0.972146181137794
ERR1473387	0.0406242421931593	0	0	0.0313658946540396	0.928009863152801	9999	0.591395170932685	0.903242563817715
ERR1473388	0.66328681018558	0.0576385326057165	0	0.0245522879330665	0.254522369275637	9999	0.59868771678846	0.835872858695667
ERR1473389	0.393225036092529	0.00457710801606562	0.0464959285273233	0.0512560988650333	0.504445828499049	9999	0.570736958614119	0.862672924252024
ERR1473390	0.536505075938801	0.0971811978869721	0.0129536264007187	0.0514126245078001	0.301947475265708	9999	0.569960022848624	0.855834043916213
ERR1473391	0.693726902821691	0	0.00182429161954681	0.027207765233848	0.277241040324914	9999	0.470045929133887	0.962592778906611
ERR1473392	0.73895202560549	0.0169293618319424	0.00326889015632508	0.0237444505893221	0.217105271816921	9999	0.470077447755436	0.964876528336756
ERR1473393	0.762087870649526	0	0.00219691882352735	0.0180738867919276	0.217641323735019	9999	0.481362557740614	0.958582662782266
ERR1473394	0.825276506114428	0	0	0.0117511990502884	0.162972294835284	9999	0.446813184115246	0.997527257366665
ERR1473395	0.798664066974731	0	0.000433287414632984	0.0147835858505879	0.186119059760048	9999	0.474370595569999	0.96918169928664
ERR1473396	0.679795246408821	0.0185368054742979	0.00408162016907357	0.0211264209884239	0.276459906959383	9999	0.499632979056395	0.933653085210336
ERR1473397	0.694895902445434	0.0282034627146195	0.0117899987079001	0.0202455833250753	0.244865052806972	9999	0.486824955291968	0.944955120793376
ERR1473398	0.65204447622951	0.0184597053861475	0.000842925362014684	0.0168382693736391	0.311814623648689	9999	0.485885636483327	0.945054405708642
ERR1473399	0.68595120495097	0.00979595852927422	0	0.0234034709073213	0.280849365612435	9999	0.495485005530435	0.938735478725767
ERR1473400	0.788893126869983	0	0.000941934617944536	0.0156341823556214	0.194530756156451	9999	0.478294292556407	0.964413298877147
ERR1473401	0.668810040435348	0.0218803631891576	0.0112782180538341	0.0359833657949343	0.262048012526726	9999	0.493325883026809	0.937132801414705
ERR1473402	0.836355178460781	0	0.00243543642236006	0.0144481359751733	0.146761249141685	9999	0.484019278528174	0.965116682207325
ERR1473403	0.79872962437099	0	0.00698327586873089	0.0257596247611802	0.168527474999099	9999	0.493458558749011	0.950953482654583
ERR1473404	0.710139741184362	0	0.0103000315340804	0.0254949472489666	0.254065280032591	9999	0.513259312782667	0.924025179951248
ERR1473405	0.907909408338418	0	0.0119842027282115	0.0125864909963392	0.0675198979370308	9999	0.47996646922115	0.980041897727631
ERR1473406	0.846290617694294	0	0.0464909090271867	0.00826036597314789	0.0989581073053709	9999	0.493649251937688	0.95629326692674
ERR1473407	0.840529213964879	0	0.0242667112548365	0.0129088639743058	0.122295210805979	9999	0.488355170329577	0.960861968816921
ERR1473408	0.797212453557007	0	0	0.0170053693067815	0.185782177136211	9999	0.476257681494872	0.967231313056404
ERR1473409	0.555662567161573	0.0698316355466383	0.103491547819278	0.0344265249804412	0.236587724492069	9999	0.650161574432198	0.774768655980803
ERR1473410	0.756220449252643	0.0226566833752019	0.00601284391220442	0.0298050435050165	0.185304979954934	9999	0.535937732554465	0.90509777915291
ERR1473411	0.75859923345239	0.0283375964919994	0.00564348622093634	0.0247003618653485	0.182719321969326	9999	0.535571218205189	0.90554332207711
ERR1473412	0.785974280294596	0.0367149749351368	0.00374682582392153	0.0282412078817622	0.145322711064584	9999	0.492775229071081	0.948029343520256
ERR1473413	0.847567095402349	0.00699643624730239	0.00147486985904861	0.013483342443001	0.130478256048299	9999	0.494208883956921	0.956907673278781
ERR1473414	0.785506471764065	0.0288698235891657	0	0.0115702616421554	0.174053443004614	9999	0.519511341248426	0.924250658012189
ERR1473415	0.39932492596243	0.140558602811052	0.0943618623186031	0.0518498491022791	0.313904759805636	9999	0.670421472690371	0.750338746932893
ERR1473416	0.696801614205157	0	0	0.0242863004025788	0.278912085392265	9999	0.496378902355005	0.939429888615391
ERR1473417	0.591819685282371	0.000229450703090849	0.00238630440873954	0.0423834409661954	0.363181118639604	9999	0.509241907157333	0.922141297760329
ERR1473418	0.695036458464279	0.0016478081318396	0.0106565440701632	0.025635592757547	0.267023596576171	9999	0.445164776065922	0.983716777013167
ERR1473419	0.614991031535205	0	0.0039399682530241	0.031469627758243	0.349599372453528	9999	0.48196279436437	0.947802954943923
ERR1473420	0.594576194317585	0.00594629242437323	0.0215706011473049	0.0403794181815924	0.337527493929144	9999	0.475646939969447	0.949963585219198
ERR1473421	0.720924132700543	0	0.00659991145016927	0.0247524337178179	0.24772352213147	9999	0.460199399281676	0.973113237271231
ERR1473422	0.556869730329566	0	0.0190288313128225	0.0440734748187211	0.38002796353889	9999	0.492253172951355	0.935312772352094
ERR1473423	0.689257439567924	0	0.00697618610653141	0.0270325645220214	0.276733809803523	9999	0.485316622380051	0.948254958533451
ERR1473424	0.754386673760917	0	0.00425228885427858	0.0200075818031388	0.221353455581665	9999	0.454135775967118	0.981948135601492
ERR1473425	0.712919005199358	0.00766349970237342	0.00992804874589573	0.0152887558766638	0.254200690475709	9999	0.480423365878032	0.954055019055366
ERR1473426	0.561258848707737	0	0.00551249789029416	0.0342997045155851	0.398928948886384	9999	0.486841373042652	0.942249745396062
ERR1473427	0.580401958590688	0	0.00286747223530885	0.0390361229938959	0.377694446180107	9999	0.420804475958025	0.999521238778549
ERR1473428	0.791720046325811	0	0.00258833253171227	0.0176589282902861	0.188032692852191	9999	0.448539873489677	0.991251305346732
ERR1473429	0.551753711060661	0	0.0067560863029822	0	0.441490202636357	9999	0.553012125529509	0.883517127683492
ERR1473430	0.689150752544686	0	0	0.0247926567078082	0.286056590747506	9999	0.483374673381581	0.950675829746815
ERR1473431	0.670766532347	0.000187606441867999	0.013645810382137	0.0318537627772029	0.283546288051792	9999	0.467737909535353	0.961937657963051
ERR1473432	0.487452943999428	0	0.0148781558592645	0.0588835169152106	0.438785383226097	9999	0.533619398178773	0.897698185736717
ERR1473433	0.557026511902566	0	0.0120900942617038	0.0579210000416124	0.372962393794118	9999	0.521209437109124	0.908930218723275
ERR1473434	0.694982712708437	0.000870149267073183	0.00411064748142541	0.0260030878805685	0.274033402662496	9999	0.510614362034978	0.925785793135192
ERR1473435	0	0	0	0.151885883196574	0.848114116803426	9999	0.676742934416962	0.796362728532223
ERR1473436	0.298106991453307	0	0.0379602976917298	0.0889328760590326	0.57499983479593	9999	0.560261221170239	0.878273466196585
ERR1473437	0.132247176079347	0	0.0206179118037323	0.119560257260839	0.727574654856082	9999	0.562565524943127	0.897665642837409
ERR1473438	0.14922148059837	0	0	0.129224233027401	0.721554286374228	9999	0.500591043244605	0.958483509798205
ERR1473439	0.431136457720123	0.0311351978887691	0.0160025350281285	0.085064977844825	0.436660831518154	9999	0.55770459403371	0.871510431130277
ERR1473440	0.688312324213267	0	0.00398317718051173	0.0200502911833056	0.287654207422916	9999	0.509426294107975	0.926862177670661
ERR1473441	0.693406281433703	0	0.0276671402671744	0.0534781313474108	0.225448446951712	9999	0.496954837830022	0.93542101456847
ERR1473442	0.702389615687174	0.0217774044481402	0.0460115062092949	0.0500383804014607	0.17978309325393	9999	0.402527055771611	1.015360962076
ERR1473443	0.780801971148316	0.000712222600582133	0.00909476280484012	0.0275146325040928	0.181876410942169	9999	0.521234902889576	0.922776429177756
ERR1473444	0.802406627801453	0	0.0645527241408972	0.0107492863663979	0.122291361691252	9999	0.392512049985594	1.03857129606642
ERR1473445	0.790047826703521	0	0.0777635615836801	0.0201594955068975	0.112029116205901	9999	0.393106732376493	1.0355714634561
ERR1473446	0.711352543226281	0	0.0301118523020329	0.0311482605465959	0.22738734392509	9999	0.513511798776529	0.922391652278289
ERR1473447	0.61301524877415	0	0	0.0418728146572456	0.345111936568604	9999	0.497722899988848	0.933354322631146
ERR1473448	0.632048433509984	0	0	0.0327621459178665	0.33518942057215	9999	0.502510918485627	0.930155556109879
ERR1473449	0.727782995348	0	0.012091850849764	0.0348416377167171	0.225283516085519	9999	0.521825708616828	0.916884543079917
ERR1473450	0.845797943818951	0	0.00106470731199287	0.0101635723635013	0.142973776505555	9999	0.537889007237259	0.915426810698592
ERR1473451	0.636654791208946	0.0158676293197687	0	0.036513821309989	0.310963758161297	9999	0.574184559799302	0.861200927075363
ERR1473452	0.727951422634984	0	0.0080276464815503	0.0216687492782214	0.242352181605244	9999	0.472941408673517	0.962440236233902
ERR1473453	0.730839393133883	0	0.0152420547726276	0.0222692951757517	0.231649256917738	9999	0.495738499310059	0.941582264635903
ERR1473454	0.597712267489113	0.0135423361261177	0.0153501356475339	0.0523667241550798	0.321028536582155	9999	0.540922848184683	0.890064802874963
ERR1473455	0.778598910460883	0.0196243693588722	0	0.0182251006418005	0.183551619538444	9999	0.481065661988807	0.959347141079485
ERR1473456	0.831860509650257	0	0.00197435173266986	0.0134617824185555	0.152703356198518	9999	0.501390684975172	0.948394461605155
ERR1473457	0.766512821506083	0.00288739267456821	0.00391425951303454	0.0305172970704079	0.196168229235907	9999	0.537676179138416	0.905716437483091
ERR1473458	0.869004666669449	0	0	0.0127525800501397	0.118242753280411	9999	0.481229541457298	0.972666327338056
ERR1473459	0.779748983214003	0	0.000801722928324795	0.0130816242172384	0.206367669640434	9999	0.477345482356178	0.964375676957976
ERR1473460	0.645581342014441	0.000142153161285033	0.0158745183638341	0.0310857239585277	0.307316262501912	9999	0.415220569156446	1.00551647834525
ERR1473461	0.126985771365277	0	0.0150797454404542	0.117576048781049	0.74035843441322	9999	0.502541342613287	0.959154880346423
ERR1473462	0.464929255570796	0.0603629127938694	0.0360693988646002	0.0647387338413936	0.373899698929341	9999	0.518868832682233	0.90292535366258
ERR1473463	0.781560828147545	0	0	0.00985383971760557	0.208585332134849	9999	0.45502506443516	0.984816863498682
ERR1473464	0.776030583931998	0	0	0.0185641728072344	0.205405243260768	9999	0.492668298872393	0.949802041422075
ERR1473465	0.765210010796268	0.0310573960568134	0.0049529598638255	0.0230684315114151	0.175711201771678	9999	0.505331578520658	0.934525807824269
ERR1473466	0.796182839428128	0.0154326151346266	0	0.0168867500952147	0.17149779534203	9999	0.495721201830439	0.948261793753629
ERR1473467	0.559115752361323	0.0108741482697057	0.0258865297387114	0.0565033834471206	0.34762018618314	9999	0.478001772381577	0.945295588603979
ERR1473468	0.353179351859577	0.0603913336856839	0.0621572774262074	0.104901681540483	0.419370355488049	9999	0.481848670976485	0.934199736836774
ERR1473469	0.715621183416512	0	0	0.0230857933768587	0.261293023206629	9999	0.33931327746512	1.07469094040027
ERR1473470	0.632384758219226	0.0126392748814887	0.018177200006392	0.0333681523862661	0.303430614506627	9999	0.409733311080804	1.00773001085227
ERR1473471	0.652595169320236	0.0504887180588325	0.0147617695331525	0.0505776190856534	0.231576724002126	9999	0.46247859773993	0.960264446868932
ERR1473472	0.534955983792982	0.0176423192961286	0.0325377004672572	0.0503923615905673	0.364471634853065	9999	0.509536275613552	0.916155022638657
ERR1473473	0.613340092448405	0	0.00726400403995062	0.0330763355472292	0.346319567964416	9999	0.480002224542884	0.949070977316359
ERR1473474	0.688954192740101	0.0152717228595308	0.0137595856996286	0.0250566957375732	0.256957802963167	9999	0.505604582580554	0.92816295551901
ERR1473475	0.781678177447346	0	0.0713181609333366	0.014315816413999	0.132687845205318	9999	0.518366026694427	0.92368923762098
ERR1473476	0.559256460273976	0.147910755800313	0	0.0502973452223675	0.242535438703343	9999	0.549158993326898	0.874327584706615
ERR1473477	0.733325138264516	0	0.00861569135777768	0.020356552772495	0.237702617605212	9999	0.475465149770391	0.96066810356001
ERR1473478	0.191338173822166	0	0.00897871837104507	0.13925622592846	0.660426881878329	9999	0.580173173171953	0.870586838071914
ERR1473479	0.809067275026559	0.00605501842561847	0.00196596464936527	0.0163237408041389	0.166588001094318	9999	0.498006257470799	0.948186037570553
ERR1473480	0.615423389165418	0.0177524585178767	0.0210892369532811	0.0343213729247818	0.311413542438642	9999	0.457925114282872	0.96529588497348
ERR1473481	0.529337576364423	0	0.0382597004571947	0.0396948566055576	0.392707866572825	9999	0.456756625836931	0.964687218338662
ERR1473482	0.65719938112138	0.0142892823352338	0.00827539123634493	0.0223762045459241	0.297859740761117	9999	0.476960552712506	0.952679866404223
ERR1473483	0.224700995067554	0.124179385290753	0.0545890985768805	0.0234983055192732	0.573032215545539	9999	0.673325312750479	0.757139275869898
ERR1473484	0.0501024588551414	0	0	0.0762834296385559	0.873614111506303	9999	0.670230694090984	0.803099619706954
ERR1473485	0.67170083369996	0	0.0128692138242077	0.0184279890326761	0.297001963443156	9999	0.492148541581211	0.941048778217486
ERR1473486	0.657344019859114	0.00524271264639553	0.00608609639028727	0.0282297946093969	0.303097376494807	9999	0.474145067188171	0.955886351107111
ERR1473487	0.719687764519454	0	0.0087179010202469	0.0191098265074116	0.252484507952888	9999	0.513951986343838	0.924492530246731
ERR1473488	0.769780002967651	0	0	0.0220310925980476	0.208188904434301	9999	0.464814294411589	0.974249808757239
ERR1473489	0.626090228058048	0	0	0.0274860642836777	0.346423707658275	9999	0.576870181901905	0.8600063120447
ERR1473490	0.772628157659594	0	0.00830940247380034	0.0158714517540594	0.203190988112547	9999	0.472846502109697	0.967088405567167
ERR1473491	0.778526838479423	0	0.00281537845700386	0.0114639840638488	0.207193798999724	9999	0.498064639953951	0.94521503064
ERR1473492	0.689152374739857	0	0.00783795126692579	0.0229752009756175	0.280034473017599	9999	0.511624981064361	0.924438070086478
ERR1473493	0	0	0	0.104318327814702	0.895681672185298	9999	0.67002031678719	0.810556819548408
ERR1473494	0.635762061449616	0	0.00988144215156644	0.0329020435892384	0.321454452809579	9999	0.494272947559837	0.936852398221046
ERR1473495	0.552038314236703	0	0.0181675708816821	0.0389511646035151	0.3908429502781	9999	0.507256649289073	0.922226223781732
ERR1473496	0.662861890221922	0	0.0120565128551746	0.0277426380550393	0.297338958867864	9999	0.506655529367313	0.926952550532066
ERR1473497	0.454707401801236	0	0.0294268798674865	0.0411783024668998	0.474687415864377	9999	0.55269100259051	0.880404680035063
ERR1473498	0.538528788657259	0	0.0242546703424915	0.0385915419911961	0.398624999009053	9999	0.5103177486594	0.918861274705333
ERR1473499	0.26504901281636	0	0	0.0897545443467517	0.645196442836888	9999	0.606420087322777	0.840311172934025
ERR1473500	0.744478772408524	9.16913760959275e-05	0.00349387633806036	0.0246151743493468	0.227320485527973	9999	0.519351908689572	0.921540642800097
ERR1473501	0.443969040319564	0	0.0748958290450206	0.0574293109880013	0.423705819647414	9999	0.482868219263847	0.938468933990973
ERR1473502	0.321456153140642	0	0.031814447757628	0.0168907040960056	0.629838695005724	9999	0.56920295064205	0.874788638926051
ERR1473503	0.815555619465246	0	0.0062891415526491	0.00672502476106778	0.171430214221037	9999	0.479641738912741	0.966459154604449
ERR1473504	0.642515129805637	0.0148191728472978	0.00155702057491684	0.025639256906999	0.31546941986515	9999	0.547655064349026	0.887482402204518
ERR1473505	0.808705535391495	0.0309563865761726	0.000561842001617566	0.0108810818438191	0.148895154186896	9999	0.515594296043483	0.930535511249909
ERR1473506	0.781029429406575	0.0184613886400838	0.00105460702804745	0.00910629265953831	0.190348282265755	9999	0.53501361489046	0.909661734267853
ERR1473507	0.793147058311831	0.0261314476549526	0.00096711546796989	0.00966142476193991	0.170092953803307	9999	0.530896019197604	0.91444688053193
ERR1473508	0.750487817475893	0.0202860876357524	0	0.0113297824976785	0.217896312390676	9999	0.534900592009184	0.906729047906984
ERR1473509	0.640969391948269	0.0777443557815383	0.0119683962337891	0.0225101955832815	0.246807660453122	9999	0.570452512954889	0.860902181765727
ERR1473510	0.538882527606492	0.117497155681979	0.0299670145810231	0.013395021608041	0.300258280522465	9999	0.604964160535215	0.82168333711517
ERR1473511	0.648059902576788	0.0793619293442434	0.00572200986489695	0.0233970765718707	0.243459081642201	9999	0.568696781057005	0.863181875755192
ERR1473512	0.575323805289567	0.0943772958270772	0	0.0168349360485709	0.313463962834785	9999	0.583878658318339	0.84576802051914
ERR1473513	0.598036801682187	0.0886833312109602	0	0.0167552497386276	0.296524617368225	9999	0.590449338788016	0.840235853970143
ERR1473514	0.710682164055502	0.0748159382342364	0	0.00783932012017351	0.206662577590088	9999	0.562326541572687	0.874358243837651
ERR1473515	0.766967399703771	0.0181030917171463	0	0.00398622954796716	0.210943279031116	9999	0.552642111908777	0.891538760598025
ERR1473516	0.646013269890296	0	0	0.00969851397016684	0.344288216139537	9999	0.546215452552893	0.891312139341951
ERR1473517	0.756593826814874	0.0111512079416446	0	0.00992438078844042	0.22233058445504	9999	0.54450929450564	0.898705615373214
ERR1473518	0.742716706523543	0.0620318773358485	0	0.00836041738139954	0.186890998759209	9999	0.52779515332983	0.910541593018238
ERR1473520	0.455146377652854	0.0207302095732901	0.0103175984723847	0.0501805243119325	0.463625289989539	9999	0.530403266631868	0.900289074672395
ERR1473521	0.424120327047863	0.0138353499973623	0.00952276512676977	0.0418856757574562	0.510635882070549	9999	0.543915928442901	0.890547378484783
ERR1473522	0.422891329832795	0.0139460043840681	0.004808409503369	0.0586716822111463	0.499682574068622	9999	0.54681755144624	0.887107392912908
ERR1473523	0.173861553057063	0.00534061790923279	0	0.137491995453441	0.683305833580263	9999	0.617081051067766	0.835101694026527
ERR1473524	0.565587903817051	0.00271734020786887	0.0159507872650259	0.0399780434613109	0.375765925248744	9999	0.508669012290254	0.920879676908922
ERR1473525	0.518233867242761	0.00814184934814023	0.0174375197563619	0.0446376550119786	0.411549108640758	9999	0.542543098747798	0.888647181446702
ERR1473526	0.373368782833432	0.00181612520135913	0	0.0537648137465949	0.571050278218614	9999	0.552578920566484	0.887331205880107
ERR1473527	0.414335540205977	0.0195651988796903	0	0.0855173875520153	0.480581873362318	9999	0.529733751263182	0.901435815490775
ERR1473528	0.402141796422764	0.0130684558980846	0	0.0840316494520947	0.500758098227057	9999	0.530303381610215	0.902498981140397
ERR1473529	0.562628192322824	0.000218565166981962	0	0.014362510013257	0.422790732496937	9999	0.559373479281034	0.87699380476966
ERR1473530	0.613140603774075	0	0.00644924806291909	0.0311884139612517	0.349221734201754	9999	0.507887848004739	0.924179558570732
ERR1473531	0.432548519509149	0.00518054839111465	0.0102477132663007	0.0497900091065153	0.50223320972692	9999	0.529395089726734	0.904149752812638
ERR1473532	0.315523639860146	0.00223278386355234	0	0.0919587880586535	0.590284788217649	9999	0.550118515282337	0.891202829835413
ERR1473533	0.457038170535459	0.000842191421297019	0.0061630750405986	0.068628950092329	0.467327612910316	9999	0.521143379713366	0.91035006274144
ERR1473534	0.667678853461485	0.000608551441350827	0.0155712834673406	0.0353821031132194	0.280759208516604	9999	0.490779743277505	0.940874981754441
ERR1473535	0.210764412327079	0.0572377981508725	0	0.0614037335401679	0.670594055981881	9999	0.600732412364948	0.846710412801382
ERR1473536	0.408736297155167	0.0277934081368689	0.0178464208737356	0.0681051854808393	0.477518688353389	9999	0.520980262552568	0.907861374189101
ERR1473537	0.75641758925544	0	0.00553662278907154	0.0331898295940094	0.204855958361479	9999	0.480575433460786	0.957879790395702
ERR1473538	0.627158566963169	0.0201844244729402	0.068525142576152	0.0539835457305295	0.230148320257209	9999	0.434682918173044	0.981027249483955
ERR1473539	0.633664824944185	0.0115695507799072	0.0870773042564188	0.0336882723778327	0.234000047641657	9999	0.437858865271982	0.97935880798972
ERR1473540	0.570012772862532	0.0131099919413336	0.11658373219399	0.109486657449583	0.190806845552562	9999	0.369098827259376	1.02684559814842
ERR1473541	0.635961026300333	0.00972904953030692	0.0218923908490469	0.0454460193062471	0.286971514014066	9999	0.534679418161666	0.897373788487322
ERR1473542	0.561858030185781	0.012508061762791	0.0199865084107272	0.0795993398308136	0.326048059809887	9999	0.566589160471741	0.86357108543431
ERR1473543	0.534220132694726	0.00985179538585295	0.0241031694032785	0.0576245979964534	0.374200304519689	9999	0.592204313077904	0.839415175696538
ERR1473544	0.666686524294144	0.0290549482197724	0.0264059068099519	0.0466980125818019	0.23115460809433	9999	0.483146884692969	0.94403042247528
ERR1473545	0.486655958779008	0.0646595913684393	0.0230091507628854	0.0804737569121869	0.34520154217748	9999	0.503163036858812	0.916629348354219
ERR1473546	0.690440679651091	0.00444480649554475	0.0224024620300424	0.0625762155114627	0.22013583631186	9999	0.478431865208803	0.95143229852732
ERR1473547	0.59502335149847	0.0255805547365734	0.0243608009573843	0.0515874415132969	0.303447851294275	9999	0.481713606846574	0.941861139762624
ERR1473548	0.584214083996587	0.0288095121915781	0.0256417512996817	0.0488516692656745	0.312482983246478	9999	0.495289582981727	0.929294552932795
ERR1473549	0.581985199654992	0.0105063328882019	0.0275438166204718	0.0560630420528679	0.323901608783467	9999	0.582157290012137	0.849530395653028
ERR1473550	0.636345952014563	0	0.0243341808922928	0.0135628194266946	0.32575704766645	9999	0.550661583603633	0.884570795205912
ERR1473551	0	0	0	0.167656328302402	0.832343671697598	9999	0.697772919448376	0.768331031750024
ERR1473552	0.644205609779552	0.00945881015683963	0.0201194167710483	0.051003159592568	0.275213003699992	9999	0.522649392175599	0.908795886203064
ERR1473553	0.734431390287377	0.0110292878404998	0.0141646700117169	0.0436402664019628	0.196734385458443	9999	0.4816447847542	0.953049078726307
ERR1473554	0.650881643705709	0.0111952682593215	0.0153834164260464	0.0482136301671233	0.2743260414418	9999	0.491484551418845	0.937760687900718
ERR1473555	0.740079947063905	0	0.0193278836718364	0.050669494782832	0.189922674481426	9999	0.493388191479175	0.943219208842395
ERR1473556	0.722507303530662	0	0.0157916569868372	0.0527454121866868	0.208955627295814	9999	0.483262867829061	0.95088484900349
ERR1473557	0.62011390461734	0.0147444064477365	0.0304326779217209	0.0708679004442308	0.263841110568972	9999	0.482365833535491	0.941872935424459
ERR1473558	0.655524920186605	0	0.0129460521205358	0.0116175059822265	0.319911521710633	9999	0.542871576748779	0.893695246682653
ERR1473559	0.642608841917854	0	0.0162943111880538	0.0582598028627263	0.282837044031366	9999	0.556508896428727	0.877662483954118
ERR1473560	0.615146242770404	0.00484857488210304	0.0352886164569517	0.0638319615199119	0.280884604370629	9999	0.563118622045565	0.868439950953694
ERR1473561	0.671889249022854	0	0	0.033658836800693	0.294451914176453	9999	0.484673945482075	0.94800204845199
ERR1473562	0.598315292648147	0	0.0298789941559772	0.0601513398041312	0.311654373391745	9999	0.5856594196536	0.846963862827468
ERR1473563	0.607498762816054	0	0.0248939222000008	0.0555763170909728	0.312030997892973	9999	0.581030061041693	0.852260418677706
ERR1473564	0.749069748481951	0	0.0135522160725047	0.0436703835989051	0.19370765184664	9999	0.49754955751451	0.940844970018507
ERR1473565	0.800481876684989	0	0.00480390333233108	0.0407373692010937	0.153976850781587	9999	0.488158882053393	0.955683959841395
ERR1473566	0.842931980693871	0	0.00088819958169335	0.0246505626705418	0.131529257053893	9999	0.458336475764889	0.989259343068336
ERR1473567	0.801023675743231	0	0.000897696767689283	0.0225189234058667	0.175559704083213	9999	0.528163002263511	0.919018473890457
ERR1473568	0.659914143325428	0.00729163479311993	0.0269856984469913	0.0523531219780839	0.253455401456377	9999	0.541532330742097	0.891684436811088
ERR1473569	0.617100740987937	0	0	0.0223072228436789	0.360592036168384	9999	0.523448527053871	0.911115535642748
ERR1473570	0.559046354828923	0.00336704865990425	0.019825166808299	0.0139931820591612	0.403768247643712	9999	0.561340380126691	0.872920223072515
ERR1473571	0.615050634635402	0	0.00335630678600862	0.041382733844824	0.340210324733765	9999	0.550780168403925	0.883956523577395
ERR1473572	0.587683323679696	0	0	0.0422192881468094	0.370097388173494	9999	0.559372211413422	0.875439060582356
ERR1473573	0.576454761423633	0.00612962704886826	0.0104633964689287	0.0495311161566811	0.357421098901889	9999	0.524312021758233	0.906293247900445
ERR1473574	0.70868396685415	0	0.0160208863058427	0.0421189150096216	0.233176231830386	9999	0.54072517159261	0.897092223946811
ERR1473575	0.715819836625832	0	0.00431498853486423	0.0279855296463061	0.251879645192997	9999	0.488429082882178	0.947485406228538
ERR1473576	0.873041511725097	0	0	0.0081985246010185	0.118759963673885	9999	0.427032747207438	1.02255018084453
ERR1473577	0.828549958491183	0	0.0164263886059007	0.0133697957366015	0.141653857166315	9999	0.496706217988017	0.951702622657802
ERR1473578	0.638818362240435	0	0.0328198799337127	0.0948428072096641	0.233518950616189	9999	0.526911667356756	0.902898513164513
ERR1473579	0.579593117776048	0	0.0316784655130045	0.030010792477286	0.358717624233662	9999	0.600643287469506	0.83299045914396
ERR1473580	0.821575199017063	0	0.00288953823671062	0.0223921980682525	0.153143064677974	9999	0.459975581534907	0.984707630826619
ERR1473581	0.613163076629567	0.00396244943599853	0.0116124566646599	0.0543991166711251	0.31686290059865	9999	0.539905782079899	0.89248860313127
ERR1473582	0.727081464412796	0	0.0267594655586026	0.053212239580279	0.192946830448323	9999	0.476693432344638	0.956534120100075
ERR1473583	0.604529231651278	0.0112594928471633	0.0148998276346722	0.0783005381384263	0.29101090972846	9999	0.51448762615708	0.913668065611711
ERR1473584	0.602257285025929	0.00975896379201088	0.0270475229266862	0.0586752677428063	0.302260960512568	9999	0.525650964540246	0.903485614969436
ERR1473585	0.757014163313285	0.00513409867574774	0	0.0277277223534592	0.210124015657508	9999	0.447942166753787	0.987198504446146
ERR1473586	0.695130534527623	0	0.0188859663084314	0.0411937431559677	0.244789756007978	9999	0.499426615507587	0.934360370540677
ERR1473587	0.633407971382711	0.0104218665069909	0.0210517230529481	0.0529454704347273	0.282172968622623	9999	0.495271149886296	0.932913073876907
ERR1473588	0.719209941236283	0	0	0.0301848658016652	0.250605192962052	9999	0.464901345637135	0.969041411923613
ERR1473589	0.577836129064502	0	0.019682972330123	0.0678979084847629	0.334582990120612	9999	0.518133775221761	0.910780429360757
ERR1473590	0.59359700864659	0.00593598425142705	0.0102827738611203	0.0591388815159003	0.331045351724962	9999	0.542851877872673	0.888902630794859
ERR1473591	0.560156251004735	0.021300596637288	0.00940395100439751	0.0628667886721754	0.346272412681404	9999	0.535198526894756	0.893936420538185
ERR1473592	0.722905415188476	0.0100815656471528	0.0491187196180825	0.0420094113808505	0.175884888165439	9999	0.422160231490538	1.00202499628731
ERR1473593	0.716249002836117	0	0.0294209361775459	0.02922634226053	0.225103718725807	9999	0.524445744831792	0.912730461132268
ERR1473594	0.751087756882578	0	0.0727101653151235	0.0788722007634447	0.0973298770388535	9999	0.394772869560402	1.02738904452506
ERR1473595	0.756232581203171	0	0.0106266911616658	0.0292109730419311	0.203929754593232	9999	0.456637087104467	0.979104281418472
ERR1473596	0.641315961971514	0.0070277404465364	0.013024676609744	0.0445658739636685	0.294065747008537	9999	0.521941542014757	0.910336380325116
ERR1473597	0.547000343190634	0.044548311743195	0.0218777212475164	0.04947380563784	0.337099818180815	9999	0.535023781161176	0.891583830576944
ERR1473598	0.727377652197107	0.0504430765296571	0.0188123674694337	0.0162375733455681	0.187129330458234	9999	0.554433035573397	0.883194110879454
ERR1473599	0.595574485245499	0	0.0106402116481531	0.0614534397385859	0.332331863367762	9999	0.524649363226444	0.906288795745737
ERR1473600	0.629240546487237	0	0	0.0354004624760917	0.335358991036671	9999	0.533071769272638	0.901705818707244
ERR1473601	0.647799314624024	0	0	0	0.352200685375976	9999	0.529875589986143	0.907453484388781
